[wpm]
tantrnminh-HD=126.545455
DareDevil-HD=52.153299
quanbhvn-HD=46.004129
Master-HD=56.552144
votuanh-HD=71.111111
caphe17-HD=74.912212
PhuongHuy108-HD=63.253012
SecretReborn-HD=275.362319
cuibap2013-HD=20
son386-HD=66.498741
ecitizen91-HD=87.542088
thanhit89-HD=36
lvthi3n-HD=62.4
lucky2014-HD=34.096007
ly-HD=113.454545
bcak613-HD=77.348066
thanthequyen-HD=72.507553
cand-HD=97.941013
Joker-HD=39.181541
DrKhoQua=5692.307692
DoYouKnow-HD=127.071823
Hoainiem-HD=7.970396
leon_thekid=146.911519
Mitom001-HD=42.374752
autumn-HD=143.066304
long1003-HD=57.6
songsuat=64.903846
bigdargon-HD=0
Anv-HD=78.091106
midataka-HD=38.085163
ktphuc1994-HD=38.700074
tourist-HD=74.759298
rockykhuat-HD=12.226963
taurus63-HD=0
Laser158=0
bqtan-HD=45.508414
LMN999-HD=54.473569
thangdt6-HD=26.870685
thanhzoom-HD=7.289452
wuxiong-HD=27.609287
thanhnguyen-HD=38.739081
LangTuBuon-HD=65.315315
khikho22-HD=0
NgoSongTu-HD=46.451613
phuonghoangt-HD=38.709677
chithanh1213-HD=18.096272
leon_thekid-HD=68.043742
LongHQ-HD=68.487566
daithanh1981-HD=19.55282
vuichat=6.173026
Redhood-HD=0
supermen1994-HD=9.147609
mrarsenal-HD=27.190332
idontcare427-HD=0
dragonhp2013-HD=0
BingoK-HD=54.623044
Hubamihu-HD=10.91968
bigbelly-HD=19.727572
vothanhson92-HD=34.825111
superstar101-HD=0
LangTuBuon=64.295282
Undertaker-HD=3.498171
OnlyOneSmile-HD=25.439128
